alg1 = [0.4068896770477295, 0.403078556060791, 0.4530365467071533, 0.536945104598999, 0.7259583473205566, 1.0831196308135986, 1.7719218730926514, 3.17600154876709, 6.167978286743164, 11.772183179855347, 23.616817474365234, 47.136024713516235, 94.10104513168335]
alg2 = [0.03699326515197754, 0.03600025177001953, 0.03699970245361328, 0.03800010681152344, 0.03899979591369629, 0.04000043869018555, 0.04901576042175293, 0.0989835262298584, 0.4980003833770752, 3.945943593978882, 33.5900092124939]
alg3 = [0.058001041412353516, 0.04699969291687012, 0.04806065559387207, 0.05399274826049805, 0.05394625663757324, 0.05699944496154785, 0.05899953842163086, 0.06305408477783203, 0.07300806045532227, 0.09093928337097168, 0.14905309677124023, 0.30895185470581055, 0.8960485458374023]

в алгоритме 2 (карта) меньше измерений, так как алгоритм при больших количествах прямоугольников считается неадекватно долго (вероятно из-за особенностей Python) 


альтернативное измерение для 1000 точек (вместо 10000):
alg2 = [0.0030252933502197266, 0.0029740333557128906, 0.0039997100830078125, 0.003000497817993164, 0.003999948501586914, 0.005000114440917969, 0.012002229690551758, 0.06499791145324707, 0.4640524387359619, 3.8779687881469727, 33.92901253700256, 287.292578458786]
